title,nešvankiai,Skirmantas Malinauskas,Svarbeuse Dariti,KONTRA,Eastern European,LaLand Music,"O, Dangau!",Artur Lebedenko Swan,deMiko,BaltaLietuviS,Enoxas,Fuxeris,On1Beat,Įdomioji Dokumentika,Žaidimų Balsas,Lietuvos nacionalinis radijas ir televizija,15min,Husarai Official,Komentaras TV,InfamousJJ,PildykLT,Ilja Laurs,Ignas Lelys,Pralaužk Vieną Šaltą,Šventinis bankuchenas,Šeškės,A Team Comedy,Martial Arts Journey with Rokas,Camiworld,OpenPlay,Stanislavas Stavickis (Stano),Viktorija Rupeikytė - Victoria,Alfa TV,Furytto,Simonas Dailidė,Augustas Šuliauskas,OpTV,Bičiuliai,PROTO INDUSTRIJA,UBR Team,LTU Republic 2,Mantas Stonkus,Vikkyxo,GJan,Betsafe-LKL TV,Krebždesys,Darius Žaidžia,Edvisss,Rokas Yan,Pagal Jurgį,Autoplius.lt,Važiuojam AUTO,Negyvas Eteris,LaisvėsTV X,LTU Republic,Vu Records,Eltis LT,Diana ir draugai,Aleksandr Lukjanov,Omantas,Martynas Kavaliauskas,Paulius Samoška,cestovas,Donny Montell,Saulius Prūsaitis oficialus kanalas,SelMusic,Hypocrite,Lrytas.lt,2Kvėpavimas,Andrius Talzunas,Martas Tankevičius,Kiemo draugai,Redakcija,TV3 Televizija,KITOKS PASAULIS,Noeliukas,WhyDotas,LaisvėsTV,NISLT,JK Sax - Juozas Kuraitis Saxophonist,cheska,Man Kablys,A Friend,dima_wallhacks,Žinių radijas,Munis,Vestro,Delfi Video,IŠ NAUJO,Dividendų Eksperimentas,Emilis Jokūbas,HIPARIKAI,Evgenya Redko,MrBegėdis,prefis,Rolandas,DamagePlanas,Šerifas,Mantas Bartuševičius,Svarbeuse Lankiti,Easternas,KARALIAI Official,LNK Televizija,Benediktas Vanagas,EnoxsPC,Zalgiris Kaunas,stasas777,AntanasJ,Kūrybinis Potencialas,Sisters On Wire,Judzikas,Lithuania Explained,TIKRA RIDA,Bernužėliai,Aurimas Valujavičius,BasketNews․LT,#Mantaz,Jovani,Delfi,DeividasBen,Vaidas Baumila,Aurimas Mockus,Tomuxas,NeRedaguota,Radvis,Natalija Bunke,Jazzu,Kitokie pasikalbėjimai,Vital CSGO,Radijo stotis M-1,0029lt,televizijos bokštas,Dainius Sinkevičius,norbefilms,Ertyez,Gazas Dugnas TV,"Sergej ""KUVALDA"" Maslobojev",GURIS
nešvankiai,1.0,0.6058806058806059,0.3572913572913573,0.37840290381125224,0.4446094446094446,0.22748091603053436,0.19793681495809157,0.3091773091773092,0.5672705672705672,0.3386281588447653,0.15417867435158503,0.2813127930341594,0.27595628415300544,0.2759132759132759,0.2871992871992872,0.18592218592218593,0.1519159036961682,0.17391304347826086,0.03159224936815501,0.043859649122807015,0.2084942084942085,0.12026515151515152,0.34115523465703973,0.4662904662904663,0.20270824784571195,0.23054755043227665,0.36887436887436886,0.01581325301204819,0.26214574898785425,0.2156019656019656,0.16928251121076232,0.16103603603603603,0.1048780487804878,0.32853982300884954,0.31664853101196955,0.21919142717973697,0.040328603435399554,0.13901345291479822,0.177984496124031,0.3356103356103356,0.3187147199305254,0.45767745767745766,0.18598382749326145,0.2361152361152361,0.2033898305084746,0.2590625,0.2153253424657534,0.16127116127116128,0.22428884026258206,0.2318181818181818,0.24215607401448108,0.1794871794871795,0.6667656667656667,0.5111375111375112,0.40807840807840806,0.16399082568807338,0.18785310734463276,0.0496969696969697,0.13997985901309165,0.3754083754083754,0.11924119241192412,0.7018117018117018,0.36085536085536085,0.1664779161947905,0.1779739776951673,0.20908820908820908,0.32450331125827814,0.13813979086406164,0.25093167701863356,0.2696762696762697,0.3991683991683992,0.3805970149253731,0.19525193798449614,0.15,0.09860557768924302,0.2821279139270771,0.8072468072468072,0.46332046332046334,0.042488619119878605,0.06735751295336788,0.2921077959576516,0.19207108680792892,0.07413647851727043,0.12894736842105264,0.13794421092854414,0.4832194832194832,0.4040315512708151,0.13487738419618528,0.1536144578313253,0.13039014373716631,0.517968517968518,0.42114642114642115,0.23026926648096566,0.21254681647940074,0.2497978981406629,0.262861169837914,0.2882797731568998,0.2981012658227848,0.6685476685476686,0.3490175801447777,0.30980027868091037,0.15384615384615385,0.2639593908629442,0.21911663216011043,0.12806236080178174,0.2155819774718398,0.046153846153846156,0.3908523908523909,0.517077517077517,0.18408360128617363,0.1915983606557377,0.17329545454545456,0.2643312101910828,0.1485148514851485,0.5901395901395902,0.26343926343926344,0.17497231450719822,0.26046926046926044,0.3183843183843184,0.5147015147015147,0.1908276225619399,0.2276595744680851,0.28055555555555556,0.09813721035892777,0.3596392333709132,0.16167192429022081,0.1875,0.5916245916245916,0.12099644128113879,0.18349514563106797,0.3102866779089376,0.2917647058823529,0.25862068965517243,0.5405405405405406,0.2702702702702703,0.24074670099774703,0.26575550493545935,0.20381917381137957
Skirmantas Malinauskas,0.6058806058806059,1.0,0.38357464989318774,0.6533575317604355,0.41882271227643686,0.416793893129771,0.6537717601547389,0.5310650887573964,0.6050688976377953,0.4888086642599278,0.12584053794428435,0.22237106496985934,0.46174863387978143,0.5346960731576116,0.5271781534460338,0.5175456597578494,0.6290267887419464,0.3171355498721228,0.2809604043807919,0.02631578947368421,0.18653894630703302,0.6638257575757576,0.41064981949458484,0.692920857847789,0.616741895773492,0.4265129682997118,0.6203677510608203,0.0677710843373494,0.6194331983805668,0.449017199017199,0.3867713004484305,0.3952702702702703,0.6097560975609756,0.3993362831858407,0.4749727965179543,0.6390647832440332,0.3435399551904406,0.24663677130044842,0.706046511627907,0.5003267262034415,0.31524099001302647,0.5905055962948669,0.38005390835579517,0.47879109225874866,0.5341905318527177,0.486875,0.2542808219178082,0.16052169551040882,0.4048140043763676,0.714935064935065,0.583266291230893,0.5313390313390314,0.5564172159751842,0.5797297297297297,0.3613890523837551,0.31880733944954126,0.614406779661017,0.07151515151515152,0.5347432024169184,0.4813254703734906,0.35772357723577236,0.47701099662308427,0.341222366710013,0.41676104190260477,0.4107806691449814,0.4789892106757524,0.40066225165562913,0.5008255365987893,0.4161490683229814,0.2595911509381126,0.37510803802938636,0.6492537313432836,0.8226744186046512,0.515,0.3346613545816733,0.7352062163777645,0.5134749391318949,0.6833627537511032,0.0622154779969651,0.32124352331606215,0.23243503368623677,0.4449760765550239,0.21398483572030327,0.13157894736842105,0.7160871226595338,0.5587647593097185,0.5867659947414549,0.6553133514986376,0.6289156626506024,0.5770020533880903,0.5503173164097914,0.6364541832669323,0.5441039925719592,0.18664169787765295,0.22392886014551333,0.5137420718816068,0.3766540642722117,0.20443037974683545,0.5458720612356479,0.3536711478800414,0.3367394333488156,0.2661122661122661,0.5025380710659898,0.6193926846100759,0.09688195991091314,0.5215894868585732,0.2923076923076923,0.321191343475466,0.6155992744523511,0.5321543408360129,0.12295081967213115,0.5241477272727273,0.5550500454959054,0.28094059405940597,0.5056991654793406,0.6048181607597869,0.09413067552602436,0.4690734055354994,0.5556471558120363,0.48965177398160314,0.4306800210859251,0.6304964539007092,0.19611111111111112,0.6433439345751931,0.4363021420518602,0.3257097791798107,0.4365808823529412,0.5862839665921656,0.25622775800711745,0.441747572815534,0.2866779089376054,0.7411764705882353,0.7111017661900757,0.4719715266302275,0.2864864864864865,0.5745091728355327,0.6594533029612756,0.5584567420109119
Svarbeuse Dariti,0.3572913572913573,0.38357464989318774,1.0,0.352994555353902,0.5440303821504866,0.19083969465648856,0.18407479045776917,0.27462615713268457,0.407073344410159,0.3913357400722022,0.4058597502401537,0.7441393168117884,0.33469945355191255,0.2689618074233459,0.37685305591677504,0.12746261571326845,0.1342828077314344,0.23529411764705882,0.03622577927548441,0.12280701754385964,0.3123266952356945,0.07291666666666667,0.3637184115523466,0.2888677901732732,0.15798112433319655,0.20605187319884727,0.2984441301272984,0.02033132530120482,0.1882591093117409,0.20884520884520885,0.20739910313901344,0.16216216216216217,0.10975609756097561,0.4480088495575221,0.42872687704026113,0.18996590355577203,0.03696788648244959,0.16591928251121077,0.10604651162790697,0.396629480180394,0.6204950065132436,0.32043674341324474,0.09973045822102426,0.2104984093319194,0.21274108708357686,0.395,0.4627568493150685,0.3227990970654628,0.18599562363238512,0.21363636363636362,0.251810136765889,0.24074074074074073,0.5350106812247805,0.4115831948730121,0.5983859482553999,0.24426605504587157,0.1440677966101695,0.11757575757575757,0.1339375629405841,0.4703734905925302,0.08672086720867209,0.6627106574887254,0.43719115734720415,0.16704416761041901,0.1970260223048327,0.1848381601362862,0.35596026490066224,0.12878370941111722,0.3167701863354037,0.39708765051806216,0.4516971279373368,0.2840796019900497,0.09156976744186046,0.16041666666666668,0.10557768924302789,0.27256425582785415,0.8281509613102302,0.28601946356515545,0.05007587253414264,0.08549222797927461,0.539461020211742,0.32809295967190705,0.08677337826453244,0.2578947368421053,0.09400076423385556,0.39710420128174695,0.36108676599474143,0.09264305177111716,0.06506024096385542,0.1026694045174538,0.44315214811298365,0.27963147410358563,0.15506035283194058,0.47097378277153557,0.6337914308811641,0.36856941508104296,0.581758034026465,0.6620253164556962,0.519344884880133,0.7063081695966908,0.6474686483975848,0.1600831600831601,0.2131979695431472,0.2370600414078675,0.38641425389755013,0.23873591989987483,0.1,0.43769285544742464,0.3584144315214811,0.1454983922829582,0.3760245901639344,0.12215909090909091,0.34986351228389445,0.22400990099009901,0.5281272252551626,0.1884642772371232,0.49723145071982283,0.20914560770156437,0.21647282221694755,0.3990030856871588,0.1787032156035846,0.19290780141843972,0.5683333333333334,0.0667878237164925,0.4363021420518602,0.15615141955835962,0.13419117647058823,0.45122240683598386,0.1494661921708185,0.23009708737864076,0.6829679595278246,0.14823529411764705,0.21656854499579478,0.6230714455257537,0.4918918918918919,0.2919214676536852,0.288914198936978,0.269680436477007
KONTRA,0.37840290381125224,0.6533575317604355,0.352994555353902,1.0,0.48593466424682397,0.2,0.20054446460980035,0.3566243194192377,0.4804900181488203,0.23898916967509026,0.08261287223823247,0.1781647689216343,0.20355191256830601,0.3430127041742287,0.294010889292196,0.23139745916515425,0.18874773139745918,0.1585677749360614,0.07032667876588022,0.008771929824561403,0.16560798548094374,0.14015151515151514,0.19646098003629764,0.48366606170598914,0.14882032667876588,0.17723342939481268,0.39065335753176045,0.02108433734939759,0.19230769230769232,0.14434889434889434,0.1289237668161435,0.14864864864864866,0.14390243902439023,0.27101769911504425,0.19205658324265507,0.1256697515830492,0.0866606170598911,0.1031390134529148,0.20417422867513613,0.4042649727767695,0.17831215970961886,0.4074410163339383,0.11320754716981132,0.20372050816696916,0.1396843950905903,0.2872050816696915,0.12522686025408347,0.12840290381125227,0.11269146608315099,0.20909090909090908,0.21238938053097345,0.1794871794871795,0.6497277676950998,0.42558983666061706,0.35798548094373867,0.13646788990825687,0.14124293785310735,0.02181818181818182,0.12588116817724068,0.37295825771324864,0.0948509485094851,0.6406533575317604,0.2894736842105263,0.10702151755379388,0.1324349442379182,0.27223230490018147,0.22185430463576158,0.13318657127132635,0.18757763975155278,0.21143375680580762,0.34346642468239563,0.19751243781094527,0.13565891472868216,0.15245009074410162,0.14143426294820718,0.2337118947997609,0.7717785843920145,0.44918330308529947,0.027314112291350532,0.05958549222797927,0.1482194417709336,0.15242652084757347,0.05307497893850042,0.06842105263157895,0.16424682395644283,0.4205989110707804,0.28629764065335755,0.1307901907356948,0.12831325301204818,0.12628336755646818,0.5476406533575318,0.44464609800362975,0.12720519962859797,0.17196007259528132,0.15278900565885206,0.2595281306715064,0.19092627599243855,0.16645569620253164,0.5662431941923775,0.19183040330920373,0.21086855550394798,0.09563409563409564,0.19458544839255498,0.1955535390199637,0.05456570155902005,0.18557168784029038,0.046153846153846156,0.3352994555353902,0.49319419237749546,0.1189710610932476,0.07684426229508197,0.11931818181818182,0.19836214740673339,0.13613861386138615,0.5558076225045372,0.2545372050816697,0.0753045404208195,0.2713248638838475,0.3838475499092559,0.40834845735027225,0.13073273589878756,0.17872340425531916,0.14222222222222222,0.1154020899591095,0.2277339346110485,0.10883280757097792,0.11121323529411764,0.6079854809437386,0.08540925266903915,0.12135922330097088,0.2900505902192243,0.2815686274509804,0.3203266787658802,0.5644283121597096,0.14594594594594595,0.2631578947368421,0.31669691470054445,0.205535390199637
Eastern European,0.4446094446094446,0.41882271227643686,0.5440303821504866,0.48593466424682397,1.0,0.27938931297709924,0.2607994842037395,0.2906804733727811,0.46396943913873934,0.6,0.4620557156580211,0.6651038178164769,0.5109289617486339,0.38031199569661106,0.48530559167750326,0.18181818181818182,0.20244150559511698,0.32225063938618925,0.07287278854254423,0.17543859649122806,0.3665238215276027,0.12026515151515152,0.39305054151624547,0.30859745682292655,0.29544521953221176,0.30979827089337175,0.35134370579915136,0.04292168674698795,0.27125506072874495,0.2702702702702703,0.31053811659192826,0.24887387387387389,0.18292682926829268,0.5873893805309734,0.4357997823721436,0.25962006819288846,0.07356235997012696,0.21076233183856502,0.16527131782945736,0.42539751688085387,0.6378636561007381,0.30586646082593594,0.15902964959568733,0.29931071049840935,0.32144944476914084,0.48625,0.5659246575342466,0.36217707549535993,0.21991247264770242,0.2564935064935065,0.4006436041834272,0.31196581196581197,0.4957457891995138,0.4222955374196909,0.5679811653914068,0.3176605504587156,0.2231638418079096,0.12848484848484848,0.18026183282980865,0.5481606290367874,0.18699186991869918,0.5841291890953291,0.4668400520156047,0.23442808607021517,0.2788104089219331,0.26519023282226006,0.4288079470198676,0.2239955971381398,0.3906832298136646,0.4542145057406889,0.4814174589455488,0.33781094527363187,0.16327519379844962,0.23375,0.17828685258964144,0.4190077704722056,0.8162875499218615,0.3259246396943914,0.1047040971168437,0.11917098445595854,0.5510105871029837,0.3574846206425154,0.19208087615838249,0.29210526315789476,0.16660298051203667,0.40908265213442324,0.5381244522348817,0.14577656675749318,0.10301204819277109,0.16427104722792607,0.4525838621940163,0.3493525896414343,0.22934076137418755,0.5399500624219725,0.6758286176232822,0.3939393939393939,0.6493383742911153,0.6651898734177215,0.5342941482896336,0.5299896587383661,0.8021365536460753,0.2079002079002079,0.2961082910321489,0.30193236714975846,0.45434298440979953,0.3172715894868586,0.13076923076923078,0.4606813799014356,0.43531863170689356,0.22266881028938906,0.42110655737704916,0.2755681818181818,0.37306642402183804,0.30445544554455445,0.46275395033860045,0.24994208941394486,0.5116279069767442,0.27123947051744884,0.22104532036811947,0.343636047924987,0.24459673168160254,0.23829787234042554,0.5527777777777778,0.1340299863698319,0.5343855693348365,0.20425867507886436,0.21323529411764705,0.4407015106789373,0.2846975088967972,0.3504854368932039,0.7217537942664418,0.2917647058823529,0.2968881412952061,0.5745789199513804,0.5027027027027027,0.39233987769552625,0.3853454821564161,0.34372564302416214
LaLand Music,0.22748091603053436,0.416793893129771,0.19083969465648856,0.2,0.27938931297709924,1.0,0.11145038167938931,0.2961832061068702,0.2900763358778626,0.10381679389312977,0.0900763358778626,0.07633587786259542,0.06259541984732825,0.28549618320610687,0.17557251908396945,0.3755725190839695,0.2015267175572519,0.23785166240409208,0.10687022900763359,0.008771929824561403,0.2015267175572519,0.042748091603053436,0.2152671755725191,0.26106870229007634,0.10381679389312977,0.2152671755725191,0.20305343511450383,0.004580152671755725,0.11297709923664122,0.3068702290076336,0.2717557251908397,0.2961832061068702,0.07804878048780488,0.08244274809160305,0.13435114503816795,0.06259541984732825,0.12061068702290076,0.273542600896861,0.13282442748091602,0.2580152671755725,0.07938931297709924,0.28549618320610687,0.07547169811320754,0.38778625954198476,0.07786259541984733,0.15725190839694655,0.06870229007633588,0.13587786259541984,0.20610687022900764,0.1083969465648855,0.08091603053435115,0.06564885496183206,0.4396946564885496,0.2885496183206107,0.1969465648854962,0.2564885496183206,0.05648854961832061,0.0366412213740458,0.04885496183206107,0.2,0.1951219512195122,0.433587786259542,0.2,0.26259541984732826,0.33587786259541985,0.433587786259542,0.22847682119205298,0.166412213740458,0.3374045801526718,0.18931297709923664,0.2015267175572519,0.07022900763358779,0.07480916030534351,0.23206106870229007,0.05343511450381679,0.10687022900763359,0.516030534351145,0.3374045801526718,0.0030534351145038168,0.046632124352331605,0.10687022900763359,0.07786259541984733,0.015267175572519083,0.005263157894736842,0.1267175572519084,0.23053435114503817,0.1450381679389313,0.08244274809160305,0.07633587786259542,0.051908396946564885,0.2732824427480916,0.2183206106870229,0.15877862595419848,0.11145038167938931,0.06259541984732825,0.15419847328244274,0.0916030534351145,0.05648854961832061,0.3786259541984733,0.10229007633587786,0.09923664122137404,0.19750519750519752,0.07952622673434856,0.11450381679389313,0.030534351145038167,0.1435114503816794,0.1,0.35419847328244275,0.24122137404580152,0.2,0.03816793893129771,0.022900763358778626,0.13435114503816795,0.2198473282442748,0.3938931297709924,0.14961832061068703,0.02748091603053435,0.4396946564885496,0.3816793893129771,0.27633587786259545,0.2595419847328244,0.06717557251908397,0.08396946564885496,0.07022900763358779,0.09465648854961832,0.24732824427480915,0.1969465648854962,0.4351145038167939,0.0071174377224199285,0.10381679389312977,0.03541315345699832,0.07480916030534351,0.2,0.3068702290076336,0.032432432432432434,0.18625954198473282,0.14045801526717558,0.11450381679389313
"O, Dangau!",0.19793681495809157,0.6537717601547389,0.18407479045776917,0.20054446460980035,0.2607994842037395,0.11145038167938931,1.0,0.24790457769181173,0.4381044487427466,0.1703971119133574,0.05427473583093179,0.09109176155391828,0.11202185792349727,0.20502901353965183,0.25112830431979366,0.2572533849129594,0.3896236012207528,0.10741687979539642,0.07245155855096883,0.008771929824561403,0.08865248226950355,0.1903409090909091,0.14034296028880866,0.41843971631205673,0.18957734919983588,0.1484149855907781,0.24177949709864605,0.01957831325301205,0.11437246963562753,0.15786240786240785,0.1266816143497758,0.11936936936936937,0.1951219512195122,0.1515486725663717,0.16376496191512513,0.5767169995129079,0.08439133681852129,0.08520179372197309,0.22404900064474534,0.19890393294648614,0.1276595744680851,0.3059316569954868,0.04582210242587601,0.17891682785299806,0.5330216247808299,0.13313990973565443,0.0916095890410959,0.06834300451321727,0.1137855579868709,0.24285714285714285,0.19790828640386163,0.16809116809116809,0.5715667311411993,0.3694390715667311,0.20535138620245003,0.10894495412844037,0.12429378531073447,0.025454545454545455,0.1510574018126888,0.19696969696969696,0.10298102981029811,0.49258542875564154,0.14925854287556414,0.13023782559456398,0.14869888475836432,0.16892327530625403,0.12417218543046357,0.14804623004953218,0.12360248447204969,0.10767246937459704,0.16021921341070278,0.23781094527363184,0.2446705426356589,0.20041666666666666,0.0846613545816733,0.22653915122534368,0.5602836879432624,0.584461637653127,0.015174506828528073,0.08808290155440414,0.09528392685274302,0.15379357484620643,0.04970513900589722,0.05263157894736842,0.25143293847917464,0.3098001289490651,0.17484662576687116,0.21934604904632152,0.13795180722891567,0.15605749486652978,0.2869116698903933,0.30077369439071566,0.14763231197771587,0.07027724049000644,0.10105092966855295,0.12614517265680056,0.14366729678638943,0.0759493670886076,0.48484848484848486,0.125129265770424,0.13051555968416165,0.08316008316008316,0.15905245346869712,0.2971014492753623,0.0334075723830735,0.4568020631850419,0.08461538461538462,0.16054158607350097,0.40135396518375244,0.17282958199356913,0.06762295081967214,0.14914772727272727,0.1305732484076433,0.08415841584158416,0.5025789813023855,0.6982591876208898,0.05094130675526024,0.19825918762088976,0.34235976789168276,0.23339780786589298,0.14654717975751186,0.22907801418439716,0.06333333333333334,0.21671967287596547,0.11161217587373168,0.07097791798107256,0.11672794117647059,0.533204384268214,0.10320284697508897,0.15436893203883495,0.08431703204047218,0.14901960784313725,0.20857863751051303,0.34332688588007737,0.10270270270270271,0.1882656350741457,0.2501898253606682,0.1348402182385035
Artur Lebedenko Swan,0.3091773091773092,0.5310650887573964,0.27462615713268457,0.3566243194192377,0.2906804733727811,0.2961832061068702,0.24790457769181173,1.0,0.38369082840236685,0.31841155234657037,0.23967339097022095,0.33288680509042196,0.3005464480874317,0.28321678321678323,0.27334200260078023,0.2692386620151857,0.2960325534079349,0.29411764705882354,0.1996630160067397,0.05263157894736842,0.2576254096294429,0.3939393939393939,0.38267148014440433,0.2936040994496109,0.22691834222404597,0.3357348703170029,0.30495049504950494,0.025602409638554216,0.35020242914979755,0.292997542997543,0.3004484304932735,0.2916666666666667,0.33902439024390246,0.28761061946902655,0.4009793253536453,0.22113979542133463,0.2027632561613144,0.242152466367713,0.3404651162790698,0.25789588324983664,0.2822405557967868,0.3081821690467001,0.6064690026954178,0.2576882290562036,0.24780829924021042,0.2790625,0.3159246575342466,0.20215701028342112,0.2975929978118162,0.3961038961038961,0.31053901850362026,0.25783475783475784,0.5177514792899408,0.3552144970414201,0.2797724151461644,0.2580275229357798,0.2598870056497175,0.09090909090909091,0.31419939577039274,0.32968267340634655,0.2872628726287263,0.4630177514792899,0.32327698309492847,0.3233295583238958,0.3034386617100372,0.2782509937535491,0.3443708609271523,0.3588332416070446,0.29440993788819875,0.32595911509381126,0.28522039757994816,0.25522388059701495,0.2698643410852713,0.34458333333333335,0.2679282868525896,0.30245068738792585,0.5210798816568047,0.4010724852071006,0.04704097116843703,0.22538860103626943,0.31809432146294514,0.23444976076555024,0.07834877843302443,0.10789473684210527,0.33320596102407335,0.26904585798816566,0.3032427695004382,0.3555858310626703,0.555421686746988,0.3275154004106776,0.2845784023668639,0.3040338645418327,0.34447539461467036,0.2705992509363296,0.3427647534357316,0.23361522198731502,0.31285444234404536,0.31455696202531647,0.42788461538461536,0.265770423991727,0.2587087784486763,0.23076923076923078,0.3197969543147208,0.2712215320910973,0.20824053452115812,0.2453066332916145,0.2153846153846154,0.3398328690807799,0.33949704142011833,0.29260450160771706,0.16495901639344263,0.16619318181818182,0.21929026387625114,0.2698019801980198,0.4604289940828402,0.21056289089645588,0.24916943521594684,0.29290012033694346,0.3563239644970414,0.2949334319526627,0.3104902477596205,0.2773049645390071,0.26222222222222225,0.2612448886869605,0.23675310033821872,0.27681388012618297,0.32996323529411764,0.4552514792899408,0.12099644128113879,0.2543689320388349,0.4131534569983137,0.30196078431372547,0.29310344827586204,0.3378328402366864,0.31891891891891894,0.28097843579015125,0.3572513287775247,0.24473889321901793
deMiko,0.5672705672705672,0.6050688976377953,0.407073344410159,0.4804900181488203,0.46396943913873934,0.2900763358778626,0.4381044487427466,0.38369082840236685,1.0,0.5422382671480145,0.24687800192122958,0.3462826523777629,0.49863387978142076,0.37600860677783754,0.5253576072821846,0.3084342294274574,0.3309596473380807,0.26342710997442453,0.07497893850042123,0.13157894736842105,0.27022939248802624,0.3153409090909091,0.4074909747292419,0.5951793509204782,0.574887156339762,0.3530259365994236,0.5417256011315418,0.05421686746987952,0.4423076923076923,0.3845208845208845,0.30829596412556054,0.2668918918918919,0.25365853658536586,0.4524336283185841,0.41458106637649617,0.4413054067218704,0.0970873786407767,0.19282511210762332,0.4316279069767442,0.407754301895012,0.5197568389057751,0.5057892705519105,0.37735849056603776,0.42232237539766704,0.41671537112799534,0.4590625,0.4006849315068493,0.2197140707298721,0.34573304157549234,0.42012987012987013,0.45213193885760256,0.2962962962962963,0.5891978346456693,0.6466966966966967,0.49931332156170294,0.27408256880733944,0.3545197740112994,0.05818181818181818,0.29607250755287007,0.521763549564729,0.27100271002710025,0.5249753937007874,0.42288686605981796,0.38391845979614947,0.3336431226765799,0.31714934696195346,0.4105960264900662,0.27242707760044027,0.3801242236024845,0.3718846261551386,0.4111927398444252,0.5980099502487563,0.5295542635658915,0.2891666666666667,0.1752988047808765,0.5540944411237299,0.6922982283464567,0.5398622047244095,0.09104704097116843,0.17357512953367876,0.39557266602502406,0.3192071086807929,0.2021903959561921,0.24473684210526317,0.42529614061902943,0.5331516802906449,0.5920245398773006,0.2683923705722071,0.3536144578313253,0.3182751540041068,0.5138712601994561,0.5398406374501992,0.45403899721448465,0.33458177278401996,0.43411479385610346,0.3534178999295278,0.4877126654064272,0.35822784810126584,0.5967027559055118,0.3960703205791106,0.40222944728286114,0.19126819126819128,0.3824027072758037,0.46273291925465837,0.21046770601336304,0.42490613266583227,0.09230769230769231,0.39104349689307905,0.5787637784289102,0.4139871382636656,0.23975409836065573,0.39488636363636365,0.3607825295723385,0.21287128712871287,0.43996062992125984,0.43131804493861475,0.25359911406423036,0.3742478941034898,0.34031327287716406,0.48866622864651776,0.3726937269372694,0.37943262411347517,0.31555555555555553,0.28032712403452975,0.43291995490417134,0.2476340694006309,0.3897058823529412,0.5195620078740157,0.3487544483985765,0.3932038834951456,0.4468802698145025,0.4674509803921569,0.37973086627417996,0.4160416931485954,0.4810810810810811,0.4425490827164467,0.4498861047835991,0.397116134060795
BaltaLietuviS,0.3386281588447653,0.4888086642599278,0.3913357400722022,0.23898916967509026,0.6,0.10381679389312977,0.1703971119133574,0.31841155234657037,0.5422382671480145,1.0,0.2,0.18411552346570398,0.16256830601092895,0.28808664259927796,0.37328519855595665,0.2036101083032491,0.12707581227436823,0.0741687979539642,0.034657039711191336,0.02631578947368421,0.29819494584837547,0.019886363636363636,0.18339350180505415,0.35090252707581226,0.16823104693140795,0.0893371757925072,0.2743682310469314,0.012801204819277108,0.08502024291497975,0.096028880866426,0.08632286995515695,0.06644144144144144,0.05365853658536585,0.19911504424778761,0.17184115523465704,0.1256317689530686,0.039711191335740074,0.06726457399103139,0.09169675090252707,0.30108303249097473,0.29386281588447655,0.29819494584837547,0.05660377358490566,0.21155234657039712,0.1263537906137184,0.23898916967509026,0.2772563176895307,0.28303249097472927,0.07330415754923414,0.07220216606498195,0.09573612228479485,0.08974358974358974,0.5184115523465704,0.4671480144404332,0.5458483754512635,0.07454128440366972,0.0480225988700565,0.030303030303030304,0.0433031218529708,0.3884476534296029,0.04065040650406504,0.6332129963898917,0.36101083032490977,0.06931407942238267,0.12274368231046931,0.17978339350180506,0.13245033112582782,0.08736462093862817,0.11913357400722022,0.32996389891696754,0.42454873646209385,0.15740072202166064,0.08086642599277978,0.1299638989169675,0.05079681274900399,0.1776173285198556,0.8433212996389892,0.3725631768953069,0.03490136570561457,0.038860103626943004,0.24332129963898916,0.11768953068592057,0.06486941870261162,0.1368421052631579,0.10252707581227437,0.511913357400722,0.34729241877256317,0.055858310626702996,0.036101083032490974,0.030800821355236138,0.5350180505415163,0.2945848375451264,0.0436397400185701,0.3371841155234657,0.19320937752627323,0.17689530685920576,0.29169675090252706,0.23032490974729242,0.6137184115523465,0.18339350180505415,0.24693140794223828,0.060291060291060294,0.10829103214890017,0.13935018050541517,0.13140311804008908,0.2187725631768953,0.05384615384615385,0.41371841155234657,0.49530685920577616,0.05546623794212219,0.16290983606557377,0.11079545454545454,0.11335740072202166,0.07673267326732673,0.49891696750902526,0.2332129963898917,0.16943521594684385,0.1855595667870036,0.2339350180505415,0.35379061371841153,0.09747292418772563,0.07075812274368232,0.2036101083032491,0.053429602888086646,0.17700112739571588,0.061514195583596214,0.057904411764705885,0.4700361010830325,0.09608540925266904,0.06796116504854369,0.2057335581787521,0.12156862745098039,0.16606498194945848,0.5270758122743683,0.22162162162162163,0.1711191335740072,0.1855595667870036,0.15812274368231047
Enoxas,0.15417867435158503,0.12584053794428435,0.4058597502401537,0.08261287223823247,0.4620557156580211,0.0900763358778626,0.05427473583093179,0.23967339097022095,0.24687800192122958,0.2,1.0,0.4715338245144005,0.0942622950819672,0.2137367915465898,0.2079731027857829,0.14601344860710855,0.06532180595581172,0.1483375959079284,0.024495677233429394,0.21052631578947367,0.6508165225744477,0.016098484848484848,0.20124879923150815,0.0941402497598463,0.07636887608069164,0.06340057636887608,0.11671469740634005,0.010542168674698794,0.06983805668016195,0.07555282555282555,0.09865470852017937,0.059684684684684686,0.041463414634146344,0.1736725663716814,0.18008705114254625,0.04822211397954213,0.024015369836695485,0.08968609865470852,0.023054755043227664,0.17915465898174832,0.3266090297790586,0.14024975984630164,0.0646900269541779,0.13160422670509125,0.07130333138515488,0.15513928914505284,0.45821325648414984,0.7459173871277618,0.08533916849015317,0.033766233766233764,0.05309734513274336,0.03561253561253561,0.2579250720461095,0.31940441882804993,0.5120076849183477,0.10665137614678899,0.01694915254237288,0.296969696969697,0.03323262839879154,0.2564841498559078,0.04607046070460705,0.4068203650336215,0.5091258405379443,0.08323895809739525,0.12103746397694524,0.08501440922190202,0.1423841059602649,0.07649972482113374,0.11118012422360249,0.5139289145052833,0.4803073967339097,0.06318407960199005,0.01937984496124031,0.09125840537944284,0.030876494023904383,0.06993424985056784,0.5989433237271854,0.1239193083573487,0.030349013657056147,0.025906735751295335,0.42011549566891243,0.09501025290498975,0.011794439764111205,0.13157894736842105,0.022094140249759846,0.24495677233429394,0.17387127761767532,0.02861035422343324,0.012048192771084338,0.021560574948665298,0.2665706051873199,0.0941402497598463,0.027855153203342618,0.659462055715658,0.49797898140662894,0.10566762728146013,0.28001921229586935,0.4417721518987342,0.3818443804034582,0.23009307135470528,0.26945244956772335,0.1101871101871102,0.0829103214890017,0.05235350624399616,0.8530066815144766,0.12439961575408261,0.08461538461538462,0.5518731988472623,0.2079731027857829,0.04581993569131833,0.5163934426229508,0.048295454545454544,0.05715658021133525,0.13861386138613863,0.2896253602305475,0.07829010566762729,0.698781838316722,0.11767531219980788,0.11767531219980788,0.21229586935638808,0.09225092250922509,0.02198581560283688,0.43555555555555553,0.012487992315081652,0.15783540022547915,0.08123028391167192,0.06709558823529412,0.19068203650336216,0.03558718861209965,0.07864077669902912,0.4131534569983137,0.018823529411764704,0.03218059558117195,0.37752161383285304,0.34594594594594597,0.09990393852065321,0.07060518731988473,0.06195965417867435
Fuxeris,0.2813127930341594,0.22237106496985934,0.7441393168117884,0.1781647689216343,0.6651038178164769,0.07633587786259542,0.09109176155391828,0.33288680509042196,0.3462826523777629,0.18411552346570398,0.4715338245144005,1.0,0.1133879781420765,0.261219022103148,0.3449430676490288,0.13596784996651037,0.07903549899531145,0.09462915601023018,0.017414601473543203,0.13157894736842105,0.5398526456798393,0.013257575757575758,0.2793034159410583,0.19356999330207636,0.09176155391828533,0.06484149855907781,0.22371064969859344,0.009036144578313253,0.06072874493927125,0.06697923643670463,0.08632286995515695,0.06418918918918919,0.03902439024390244,0.22787610619469026,0.25586068318821165,0.06965840589417281,0.020763563295378432,0.05829596412556054,0.03415941058271936,0.3737441393168118,0.4842598794373744,0.24447421299397187,0.06199460916442048,0.16543871399866042,0.08037508372404555,0.30810448760884124,0.4708640321500335,0.5914266577361018,0.060175054704595186,0.048894842598794376,0.07240547063555913,0.045584045584045586,0.4192900200937709,0.43804420629604823,0.7555257870060281,0.08256880733944955,0.025423728813559324,0.07151515151515152,0.032225579053373615,0.4420629604822505,0.024390243902439025,0.6115204286671132,0.6021433355659745,0.07568653717347622,0.12056262558606833,0.12793034159410582,0.1490066225165563,0.07501674480910918,0.1245813797722706,0.5780308104487609,0.6316141995981246,0.11654387139986604,0.027461486939048894,0.11252511721366376,0.017928286852589643,0.09979906229068988,0.8359008707300737,0.18017414601473544,0.024279210925644917,0.02072538860103627,0.4755525787006028,0.12576896787423103,0.011794439764111205,0.15526315789473685,0.03884795713328868,0.4032150033489618,0.25853985264567986,0.03678474114441417,0.012056262558606833,0.030800821355236138,0.46282652377762895,0.2042866711319491,0.03064066852367688,0.6771600803750837,0.44543249797898143,0.2217012726054923,0.40187541862022774,0.507032819825854,0.5324849296718017,0.3804420629604823,0.47019423978566643,0.07484407484407485,0.09475465313028765,0.10850636302746149,0.33964365256124723,0.174146014735432,0.05384615384615385,0.6751507032819826,0.3134628265237776,0.03054662379421222,0.28790983606557374,0.05113636363636364,0.1419959812458138,0.10148514851485149,0.4842598794373744,0.1319490957803081,0.4540420819490587,0.1520428667113195,0.18218352310783656,0.3824514400535834,0.08171466845277964,0.04113475177304964,0.5478901540522438,0.012056262558606833,0.18151071025930102,0.06072555205047318,0.046875,0.30877427997320833,0.03558718861209965,0.06796116504854369,0.4974704890387858,0.03372549019607843,0.087073007367716,0.624246483590087,0.2972972972972973,0.19758874748827862,0.14400535833891492,0.1332886805090422
On1Beat,0.27595628415300544,0.46174863387978143,0.33469945355191255,0.20355191256830601,0.5109289617486339,0.06259541984732825,0.11202185792349727,0.3005464480874317,0.49863387978142076,0.16256830601092895,0.0942622950819672,0.1133879781420765,1.0,0.23087431693989072,0.319672131147541,0.1598360655737705,0.1133879781420765,0.05115089514066496,0.03415300546448088,0.008771929824561403,0.18169398907103826,0.030054644808743168,0.14754098360655737,0.33879781420765026,0.17349726775956284,0.07492795389048991,0.2336065573770492,0.006830601092896175,0.04371584699453552,0.15710382513661203,0.06557377049180328,0.07377049180327869,0.03170731707317073,0.1912568306010929,0.10655737704918032,0.07377049180327869,0.028688524590163935,0.03139013452914798,0.0942622950819672,0.33469945355191255,0.18989071038251365,0.2786885245901639,0.04582210242587601,0.2718579234972678,0.05737704918032787,0.3251366120218579,0.17896174863387979,0.12295081967213115,0.06693989071038252,0.06830601092896176,0.09562841530054644,0.03133903133903134,0.5478142076502732,0.40846994535519127,0.45081967213114754,0.05327868852459016,0.031073446327683617,0.004098360655737705,0.036885245901639344,0.32103825136612024,0.037940379403794036,0.5409836065573771,0.26229508196721313,0.1051912568306011,0.13524590163934427,0.26229508196721313,0.11258278145695365,0.05874316939890711,0.18579234972677597,0.24863387978142076,0.28415300546448086,0.1092896174863388,0.06147540983606557,0.1092896174863388,0.030054644808743168,0.11612021857923498,0.7827868852459017,0.31010928961748635,0.013657056145675266,0.023316062176165803,0.1366120218579235,0.07377049180327869,0.031420765027322405,0.039473684210526314,0.07923497267759563,0.3551912568306011,0.18442622950819673,0.01912568306010929,0.040983606557377046,0.031420765027322405,0.430327868852459,0.2937158469945355,0.09016393442622951,0.2062841530054645,0.09562841530054644,0.15163934426229508,0.1871584699453552,0.10382513661202186,0.5341530054644809,0.10245901639344263,0.14344262295081966,0.031185031185031187,0.03553299492385787,0.16939890710382513,0.030054644808743168,0.17076502732240437,0.007692307692307693,0.31010928961748635,0.43579234972677594,0.09153005464480875,0.015027322404371584,0.03551136363636364,0.11748633879781421,0.03961748633879782,0.43306010928961747,0.15710382513661203,0.023224043715846996,0.32650273224043713,0.2226775956284153,0.3879781420765027,0.11475409836065574,0.045081967213114756,0.08333333333333333,0.036885245901639344,0.15300546448087432,0.05874316939890711,0.06693989071038252,0.5150273224043715,0.042704626334519574,0.05737704918032787,0.0893760539629005,0.06420765027322405,0.14207650273224043,0.5314207650273224,0.05405405405405406,0.2185792349726776,0.18032786885245902,0.17076502732240437
Įdomioji Dokumentika,0.2759132759132759,0.5346960731576116,0.2689618074233459,0.3430127041742287,0.38031199569661106,0.28549618320610687,0.20502901353965183,0.28321678321678323,0.37600860677783754,0.28808664259927796,0.2137367915465898,0.261219022103148,0.23087431693989072,1.0,0.24744486282947822,0.2568585260892953,0.23194303153611392,0.23017902813299232,0.14237573715248525,0.07017543859649122,0.20199031737493275,0.19128787878787878,0.24413357400722022,0.30096826250672404,0.15675010258514568,0.2420749279538905,0.2463932107496464,0.023343373493975902,0.4230769230769231,0.1984029484029484,0.25672645739910316,0.240990990990991,0.21951219512195122,0.2555309734513274,0.28944504896626766,0.1855820750121773,0.14227035100821508,0.20179372197309417,0.16434108527131783,0.2708445400753093,0.24924012158054712,0.2926304464766003,0.14555256064690028,0.18558364712210865,0.18760958503798947,0.206875,0.2191780821917808,0.19445938676707908,0.18927789934354486,0.23636363636363636,0.2823813354786806,0.30484330484330485,0.4800968262506724,0.38703604088219473,0.2805271651425498,0.24885321100917432,0.24717514124293785,0.13818181818181818,0.18126888217522658,0.2634091547318169,0.17615176151761516,0.6013986013986014,0.26465841850457233,0.1681766704416761,0.21189591078066913,0.21862578080636003,0.2632450331125828,0.2344523940561365,0.24596273291925466,0.21086530383646038,0.29505110274341045,0.2253731343283582,0.19718992248062014,0.22958333333333333,0.3834661354581673,0.44889420203227737,0.6495427649273803,0.3910704679935449,0.012139605462822459,0.12694300518134716,0.26082771896053897,0.2877648667122351,0.04802021903959562,0.0868421052631579,0.20519679021780665,0.3652501344809037,0.3632778264680105,0.24795640326975477,0.15,0.19815195071868583,0.37842926304464763,0.24825174825174826,0.17548746518105848,0.21910112359550563,0.2603071948261924,0.22797744890768146,0.26984877126654067,0.25759493670886074,0.4771382463690156,0.29265770423991727,0.2731072921504877,0.20997920997921,0.2825719120135364,0.2236024844720497,0.24053452115812918,0.19618272841051315,0.1076923076923077,0.3087681549220011,0.36820871436256053,0.20096463022508038,0.23668032786885246,0.17755681818181818,0.21656050955414013,0.23886138613861385,0.5158687466379774,0.20118343195266272,0.2469545957918051,0.21785906401291016,0.32625067240451855,0.2818719741796665,0.1881918819188192,0.3304964539007092,0.2683333333333333,0.2085415720127215,0.27395715896279593,0.17271293375394323,0.18566176470588236,0.45346960731576114,0.042704626334519574,0.21165048543689322,0.2563237774030354,0.31450980392156863,0.3616484440706476,0.442442173211404,0.22162162162162163,0.2581268104280657,0.26841305998481396,0.24395946999220577
